0,6
0,20
0,30
0,31
0,40
0,74
0,82
0,83
0,138
0,175
0,191
0,234
0,238
0,241
0,250
0,288
0,296
0,318
0,339
0,344
0,351
0,420
0,428
0,441
0,442
0,451
0,458
0,484
0,499
1,17
1,61
1,90
1,150
1,153
1,158
1,170
1,175
1,177
1,181
1,183
1,209
1,240
1,252
1,290
1,298
1,305
1,320
1,346
1,355
1,392
1,425
1,432
1,493
2,20
2,21
2,27
2,32
2,57
2,74
2,87
2,91
2,93
2,98
2,107
2,163
2,181
2,187
2,199
2,225
2,236
2,237
2,244
2,277
2,281
2,295
2,318
2,320
2,333
2,348
2,351
2,443
2,454
2,486
3,76
3,99
3,123
3,141
3,219
3,229
3,250
3,275
3,289
3,310
3,372
3,480
3,498
4,15
4,76
4,124
4,137
4,139
4,156
4,176
4,180
4,182
4,209
4,265
4,308
4,309
4,322
4,354
4,365
4,390
4,405
4,415
4,441
4,443
4,468
4,470
4,494
5,15
5,18
5,19
5,22
5,41
5,43
5,59
5,66
5,75
5,78
5,113
5,124
5,129
5,160
5,171
5,209
5,274
5,276
5,279
5,286
5,293
5,310
5,324
5,371
5,390
5,406
5,433
5,453
5,461
5,476
5,491
6,14
6,18
6,62
6,78
6,80
6,88
6,110
6,142
6,147
6,159
6,165
6,181
6,190
6,213
6,228
6,233
6,253
6,288
6,289
6,305
6,310
6,337
6,352
6,374
6,377
6,381
6,384
6,395
6,400
6,421
6,434
6,449
6,492
7,64
7,71
7,80
7,103
7,133
7,187
7,199
7,242
7,250
7,262
7,268
7,283
7,305
7,340
7,344
7,360
7,408
7,409
7,429
7,438
7,461
7,476
7,482
7,484
7,494
8,13
8,35
8,53
8,61
8,100
8,101
8,112
8,170
8,226
8,230
8,233
8,249
8,278
8,287
8,300
8,325
8,344
8,357
8,394
8,440
8,465
8,470
8,472
9,64
9,72
9,89
9,108
9,112
9,114
9,123
9,136
9,148
9,162
9,192
9,200
9,229
9,238
9,273
9,306
9,327
9,334
9,337
9,432
10,20
10,41
10,49
10,51
10,61
10,70
10,76
10,93
10,94
10,158
10,175
10,232
10,233
10,234
10,244
10,251
10,276
10,312
10,325
10,394
10,397
10,398
10,412
10,441
10,443
10,489
10,495
11,17
11,29
11,33
11,50
11,62
11,64
11,71
11,96
11,116
11,160
11,172
11,176
11,198
11,200
11,211
11,267
11,279
11,309
11,331
11,343
11,363
11,366
11,373
11,399
11,411
11,413
11,422
12,14
12,15
12,21
12,60
12,102
12,105
12,110
12,111
12,188
12,220
12,236
12,256
12,272
12,329
12,355
12,361
12,386
12,421
12,450
12,455
13,70
13,85
13,102
13,104
13,111
13,113
13,120
13,140
13,145
13,151
13,153
13,187
13,208
13,215
13,216
13,244
13,301
13,342
13,369
13,377
13,401
13,409
13,428
13,452
13,459
13,464
13,487
13,492
14,15
14,17
14,27
14,38
14,66
14,81
14,88
14,121
14,124
14,136
14,156
14,191
14,195
14,211
14,234
14,268
14,293
14,303
14,304
14,311
14,333
14,341
14,345
14,379
14,394
14,402
14,411
14,428
14,483
15,20
15,27
15,29
15,38
15,79
15,89
15,109
15,125
15,144
15,229
15,251
15,274
15,293
15,341
15,355
15,361
15,434
15,443
15,452
15,457
15,470
16,45
16,56
16,60
16,65
16,82
16,86
16,92
16,113
16,132
16,133
16,156
16,182
16,190
16,208
16,217
16,282
16,287
16,289
16,292
16,296
16,311
16,314
16,320
16,334
16,375
16,384
16,491
17,28
17,40
17,42
17,59
17,63
17,83
17,102
17,123
17,193
17,216
17,218
17,231
17,232
17,266
17,284
17,311
17,313
17,341
17,370
18,27
18,56
18,78
18,107
18,114
18,129
18,147
18,169
18,195
18,196
18,267
18,323
18,328
18,334
18,345
18,369
18,382
18,395
18,396
18,413
18,414
18,424
18,433
18,456
18,475
18,480
19,27
19,31
19,71
19,116
19,149
19,158
19,188
19,213
19,239
19,244
19,264
19,280
19,281
19,347
19,388
19,401
19,459
19,464
19,485
19,492
20,35
20,44
20,51
20,58
20,68
20,70
20,93
20,110
20,126
20,148
20,156
20,186
20,196
20,208
20,229
20,238
20,262
20,271
20,291
20,293
20,302
20,362
20,377
20,398
20,405
20,436
20,450
20,456
20,481
20,496
21,86
21,99
21,102
21,103
21,165
21,167
21,170
21,201
21,264
21,291
21,313
21,342
21,345
21,348
21,362
21,364
21,388
21,391
21,395
21,444
21,445
21,453
21,466
21,483
21,492
21,497
22,36
22,59
22,82
22,100
22,104
22,118
22,160
22,173
22,175
22,176
22,180
22,189
22,205
22,231
22,251
22,260
22,273
22,283
22,304
22,312
22,353
22,364
22,374
22,399
22,415
22,424
22,453
23,45
23,50
23,94
23,108
23,122
23,127
23,176
23,181
23,195
23,259
23,268
23,283
23,302
23,315
23,328
23,343
23,371
23,383
23,409
23,435
23,454
24,38
24,53
24,93
24,96
24,100
24,111
24,158
24,206
24,232
24,259
24,288
24,291
24,299
24,345
24,359
24,378
24,437
24,444
24,456
24,469
25,31
25,52
25,53
25,94
25,129
25,138
25,146
25,163
25,190
25,220
25,231
25,255
25,291
25,301
25,314
25,315
25,323
25,351
25,355
25,383
25,390
25,409
25,442
25,446
25,499
26,31
26,67
26,79
26,83
26,90
26,91
26,93
26,111
26,131
26,138
26,158
26,159
26,187
26,192
26,216
26,228
26,234
26,273
26,294
26,296
26,326
26,396
26,409
26,421
26,455
26,460
26,473
26,474
26,481
26,483
27,60
27,70
27,75
27,99
27,117
27,139
27,147
27,157
27,193
27,203
27,236
27,285
27,296
27,329
27,337
27,342
27,347
27,350
27,395
27,413
27,420
27,433
27,436
27,442
27,453
28,98
28,109
28,118
28,131
28,137
28,147
28,157
28,183
28,192
28,194
28,198
28,242
28,266
28,288
28,298
28,308
28,317
28,353
28,381
28,384
28,390
28,402
28,405
28,433
28,446
28,463
28,478
28,489
28,491
29,32
29,47
29,55
29,92
29,142
29,147
29,169
29,172
29,173
29,177
29,188
29,227
29,264
29,281
29,283
29,288
29,320
29,330
29,342
29,343
29,353
29,367
29,375
29,380
29,388
29,415
29,424
29,434
29,450
29,476
30,37
30,41
30,110
30,161
30,207
30,225
30,228
30,233
30,234
30,238
30,244
30,307
30,312
30,319
30,330
30,337
30,346
30,347
30,349
30,399
30,408
30,409
30,416
30,436
30,463
30,474
30,489
30,498
31,49
31,52
31,53
31,62
31,110
31,123
31,143
31,147
31,182
31,183
31,218
31,225
31,258
31,261
31,266
31,288
31,331
31,337
31,339
31,396
31,411
31,428
31,448
31,456
32,52
32,57
32,101
32,140
32,176
32,237
32,247
32,292
32,305
32,325
32,336
32,350
32,353
32,364
32,373
32,406
32,459
32,474
32,485
33,46
33,52
33,101
33,111
33,131
33,192
33,199
33,221
33,255
33,286
33,300
33,311
33,313
33,338
33,344
33,391
33,394
33,442
33,455
33,458
33,462
33,490
34,65
34,67
34,76
34,101
34,102
34,116
34,152
34,155
34,161
34,180
34,186
34,192
34,217
34,256
34,259
34,291
34,316
34,343
34,353
34,360
34,424
34,439
34,493
35,60
35,69
35,76
35,108
35,158
35,194
35,198
35,225
35,252
35,266
35,283
35,287
35,343
35,354
35,374
35,378
35,393
35,437
35,463
35,488
35,489
36,38
36,42
36,50
36,82
36,87
36,111
36,160
36,192
36,204
36,232
36,241
36,250
36,278
36,319
36,345
36,362
36,378
36,389
36,394
36,427
36,467
36,487
37,41
37,43
37,73
37,83
37,166
37,173
37,213
37,214
37,224
37,232
37,240
37,328
37,335
37,337
37,363
37,375
37,385
37,387
37,427
37,430
37,431
37,447
37,461
37,472
38,72
38,76
38,94
38,127
38,144
38,149
38,181
38,192
38,212
38,219
38,266
38,270
38,287
38,322
38,324
38,365
38,395
38,402
38,412
38,455
38,475
38,478
39,51
39,58
39,80
39,97
39,115
39,181
39,200
39,209
39,227
39,237
39,260
39,276
39,277
39,278
39,286
39,325
39,337
39,339
39,347
39,447
39,454
39,468
39,469
40,47
40,53
40,73
40,87
40,105
40,136
40,156
40,160
40,166
40,189
40,225
40,262
40,272
40,309
40,317
40,329
40,332
40,355
40,363
40,381
40,392
40,475
40,477
40,484
40,496
41,44
41,67
41,68
41,71
41,86
41,89
41,107
41,116
41,127
41,141
41,179
41,188
41,198
41,200
41,220
41,237
41,304
41,309
41,310
41,313
41,366
41,373
41,403
41,410
41,441
41,444
41,452
41,471
41,478
42,73
42,97
42,108
42,151
42,157
42,194
42,198
42,224
42,261
42,266
42,271
42,276
42,288
42,334
42,393
42,400
42,440
42,454
42,491
42,493
43,59
43,66
43,69
43,100
43,111
43,145
43,148
43,160
43,179
43,191
43,200
43,211
43,257
43,259
43,262
43,265
43,281
43,289
43,303
43,311
43,340
43,343
43,380
43,407
43,433
43,446
43,459
43,472
43,478
43,479
43,492
44,72
44,87
44,100
44,103
44,104
44,105
44,120
44,130
44,144
44,148
44,150
44,163
44,194
44,208
44,289
44,301
44,302
44,314
44,363
44,398
44,415
44,456
44,467
44,471
45,56
45,65
45,101
45,132
45,140
45,162
45,235
45,286
45,295
45,305
45,332
45,337
45,361
45,389
45,394
45,401
45,402
45,404
45,424
45,471
46,50
46,55
46,84
46,87
46,89
46,129
46,137
46,155
46,162
46,176
46,181
46,245
46,263
46,267
46,275
46,312
46,381
46,471
47,57
47,58
47,65
47,74
47,77
47,127
47,148
47,184
47,190
47,192
47,193
47,226
47,232
47,298
47,299
47,338
47,382
47,386
47,407
47,433
47,447
47,449
47,468
47,479
47,487
47,489
48,51
48,58
48,99
48,104
48,105
48,157
48,173
48,245
48,254
48,261
48,268
48,280
48,295
48,303
48,314
48,331
48,370
48,438
48,493
48,498
49,94
49,122
49,137
49,147
49,217
49,235
49,263
49,285
49,287
49,292
49,326
49,339
49,343
49,351
49,362
49,376
49,379
49,383
49,390
49,392
49,402
49,412
49,418
49,432
49,433
49,482
50,81
50,84
50,94
50,95
50,126
50,195
50,209
50,240
50,242
50,255
50,257
50,294
50,328
50,344
50,358
50,366
50,410
50,431
50,436
50,440
50,453
50,462
50,482
51,69
51,73
51,96
51,113
51,114
51,126
51,190
51,210
51,237
51,285
51,300
51,304
51,312
51,331
51,345
51,361
51,403
51,431
51,450
51,465
51,493
52,89
52,96
52,109
52,122
52,162
52,169
52,176
52,200
52,203
52,207
52,210
52,229
52,231
52,239
52,240
52,241
52,257
52,279
52,299
52,310
52,336
52,375
52,412
52,424
52,437
52,472
52,487
52,496
53,55
53,109
53,115
53,135
53,147
53,171
53,176
53,249
53,303
53,366
53,368
53,457
53,470
53,483
53,489
54,94
54,121
54,127
54,142
54,149
54,166
54,195
54,220
54,223
54,230
54,232
54,240
54,246
54,262
54,316
54,406
54,436
54,440
54,461
54,471
54,495
55,72
55,143
55,155
55,165
55,167
55,180
55,242
55,263
55,268
55,281
55,284
55,322
55,333
55,352
55,369
55,376
55,404
55,413
55,429
55,439
55,461
55,468
56,78
56,84
56,104
56,140
56,179
56,216
56,225
56,229
56,233
56,239
56,295
56,300
56,311
56,312
56,338
56,374
56,458
56,482
56,495
56,498
57,101
57,107
57,140
57,147
57,155
57,168
57,175
57,187
57,213
57,220
57,221
57,259
57,288
57,349
57,430
57,437
57,486
57,494
58,60
58,77
58,85
58,92
58,105
58,110
58,122
58,165
58,201
58,275
58,294
58,344
58,349
58,413
58,425
58,455
59,92
59,108
59,137
59,142
59,168
59,185
59,205
59,219
59,244
59,290
59,298
59,309
59,397
59,406
59,425
59,433
59,455
59,461
59,464
59,496
59,497
60,104
60,111
60,155
60,183
60,205
60,211
60,234
60,255
60,257
60,311
60,345
60,359
60,388
60,393
60,433
60,434
60,435
60,454
60,456
60,457
60,481
61,92
61,106
61,111
61,113
61,151
61,161
61,170
61,184
61,200
61,247
61,290
61,293
61,297
61,306
61,314
61,321
61,327
61,366
61,383
61,393
61,443
61,493
62,64
62,68
62,69
62,153
62,159
62,176
62,205
62,227
62,258
62,298
62,303
62,351
62,411
62,433
62,434
62,438
62,440
62,463
63,70
63,114
63,156
63,177
63,188
63,190
63,202
63,216
63,234
63,263
63,291
63,295
63,296
63,356
63,400
63,412
63,431
63,436
63,439
63,480
63,487
64,77
64,90
64,120
64,136
64,141
64,220
64,263
64,264
64,288
64,298
64,302
64,333
64,359
64,365
64,388
64,395
64,408
64,427
64,495
65,86
65,104
65,128
65,136
65,180
65,202
65,265
65,303
65,310
65,320
65,387
65,393
65,395
65,414
65,431
65,432
65,436
65,440
65,453
66,69
66,121
66,134
66,153
66,190
66,197
66,234
66,287
66,296
66,312
66,342
66,357
66,362
66,368
66,376
66,387
66,426
66,441
66,448
66,468
67,80
67,117
67,120
67,130
67,151
67,164
67,228
67,236
67,276
67,281
67,283
67,318
67,337
67,355
67,357
67,365
67,393
67,487
67,494
68,112
68,163
68,183
68,186
68,202
68,215
68,268
68,272
68,328
68,329
68,358
68,365
68,366
68,403
68,412
68,413
68,438
68,442
68,443
69,77
69,84
69,111
69,120
69,123
69,196
69,251
69,288
69,296
69,321
69,346
69,350
69,379
69,401
69,417
69,422
69,426
69,438
69,448
69,472
69,485
69,497
70,96
70,116
70,156
70,162
70,182
70,190
70,226
70,236
70,243
70,280
70,298
70,409
70,439
70,477
71,93
71,103
71,107
71,203
71,239
71,268
71,289
71,290
71,300
71,317
71,343
71,354
71,362
71,370
71,379
71,380
71,388
71,434
71,448
71,495
72,75
72,77
72,98
72,99
72,118
72,119
72,124
72,136
72,200
72,202
72,216
72,275
72,278
72,291
72,297
72,318
72,329
72,376
72,386
72,389
72,422
72,427
72,457
72,473
72,485
72,490
73,75
73,81
73,112
73,130
73,138
73,145
73,203
73,205
73,209
73,256
73,292
73,316
73,336
73,343
73,355
73,374
73,385
73,429
73,456
73,489
74,80
74,87
74,99
74,105
74,109
74,119
74,167
74,170
74,203
74,210
74,239
74,271
74,277
74,310
74,317
74,319
74,333
74,357
74,365
74,385
74,425
74,435
74,436
74,446
74,469
74,483
74,499
75,89
75,91
75,112
75,118
75,121
75,136
75,203
75,223
75,235
75,247
75,253
75,289
75,294
75,306
75,395
75,397
75,451
75,480
75,495
76,122
76,131
76,150
76,166
76,172
76,195
76,197
76,243
76,288
76,326
76,355
76,365
76,383
76,414
76,460
76,486
77,105
77,112
77,120
77,125
77,167
77,205
77,222
77,263
77,266
77,280
77,304
77,324
77,332
77,354
77,379
77,411
77,445
77,490
78,82
78,85
78,92
78,107
78,110
78,137
78,141
78,232
78,257
78,261
78,269
78,274
78,292
78,316
78,379
78,405
78,420
78,427
78,445
79,94
79,111
79,113
79,118
79,129
79,137
79,165
79,168
79,169
79,195
79,201
79,210
79,222
79,243
79,321
79,330
79,338
79,388
79,406
79,414
79,416
79,425
79,446
79,460
79,471
79,484
80,120
80,123
80,132
80,138
80,224
80,247
80,270
80,288
80,316
80,323
80,332
80,387
80,416
80,443
80,472
81,92
81,98
81,117
81,122
81,150
81,162
81,166
81,173
81,184
81,186
81,284
81,298
81,345
81,359
81,371
81,393
81,400
81,424
81,435
81,439
81,443
81,448
81,487
81,495
81,496
82,89
82,90
82,121
82,142
82,144
82,161
82,203
82,215
82,250
82,289
82,301
82,332
82,344
82,381
82,385
82,387
82,418
82,443
82,470
82,476
83,107
83,117
83,127
83,130
83,150
83,181
83,192
83,266
83,270
83,273
83,282
83,285
83,304
83,326
83,328
83,329
83,330
83,331
83,341
83,353
83,376
83,382
83,389
84,88
84,90
84,102
84,131
84,138
84,157
84,162
84,170
84,176
84,191
84,212
84,214
84,232
84,241
84,254
84,263
84,269
84,273
84,338
84,409
84,410
84,443
84,468
84,474
84,481
85,106
85,114
85,162
85,180
85,190
85,199
85,216
85,219
85,242
85,246
85,249
85,250
85,264
85,265
85,276
85,287
85,293
85,306
85,325
85,348
85,357
85,402
85,407
85,427
85,458
85,482
86,104
86,119
86,167
86,169
86,192
86,194
86,211
86,236
86,315
86,323
86,331
86,374
86,394
86,395
86,410
86,440
86,446
86,466
87,133
87,148
87,163
87,192
87,228
87,243
87,248
87,252
87,283
87,289
87,297
87,314
87,380
87,395
87,401
87,414
87,429
87,442
87,461
87,463
87,473
87,491
88,110
88,207
88,214
88,237
88,246
88,279
88,312
88,319
88,343
88,344
88,362
88,370
88,387
88,392
88,408
88,416
88,419
88,433
88,463
88,464
88,465
88,475
88,497
89,94
89,113
89,139
89,141
89,146
89,147
89,158
89,192
89,232
89,248
89,300
89,310
89,322
89,329
89,370
89,383
89,403
89,478
90,121
90,126
90,140
90,143
90,148
90,155
90,160
90,175
90,199
90,209
90,214
90,257
90,301
90,305
90,306
90,323
90,327
90,334
90,358
90,391
90,408
90,409
90,452
91,93
91,130
91,171
91,238
91,258
91,291
91,326
91,417
91,489
91,497
92,129
92,145
92,172
92,187
92,215
92,234
92,257
92,272
92,306
92,315
92,317
92,321
92,328
92,348
92,363
92,366
92,393
92,400
92,416
92,436
92,439
92,450
92,487
93,100
93,102
93,117
93,124
93,125
93,141
93,148
93,149
93,176
93,185
93,199
93,202
93,206
93,315
93,324
93,367
93,369
93,384
93,447
93,469
93,488
93,490
93,491
93,497
93,499
94,110
94,166
94,185
94,191
94,211
94,215
94,263
94,284
94,287
94,294
94,329
94,330
94,365
94,367
94,370
94,391
94,413
94,428
94,447
94,451
94,462
95,125
95,187
95,208
95,250
95,280
95,285
95,310
95,314
95,325
95,375
95,382
95,391
95,438
95,483
96,103
96,170
96,183
96,191
96,223
96,224
96,233
96,252
96,276
96,281
96,305
96,310
96,362
96,373
96,387
96,391
96,419
96,424
96,427
96,479
96,481
96,494
97,106
97,121
97,135
97,215
97,220
97,247
97,254
97,280
97,298
97,332
97,357
97,448
97,457
97,465
97,470
97,491
98,106
98,107
98,135
98,147
98,148
98,205
98,232
98,262
98,282
98,287
98,288
98,306
98,322
98,416
98,425
98,426
98,443
98,446
98,463
98,466
98,473
99,106
99,141
99,152
99,173
99,175
99,198
99,218
99,220
99,221
99,231
99,244
99,265
99,268
99,301
99,307
99,349
99,368
99,430
99,431
99,458
99,478
99,484
100,122
100,141
100,142
100,186
100,191
100,193
100,246
100,269
100,324
100,330
100,339
100,368
100,389
100,391
100,397
100,403
100,441
100,443
100,455
100,468
100,472
100,487
100,489
100,496
101,106
101,119
101,127
101,140
101,165
101,180
101,183
101,184
101,196
101,204
101,216
101,221
101,250
101,256
101,258
101,294
101,301
101,316
101,329
101,373
101,376
101,424
101,437
101,445
101,465
101,470
101,478
102,119
102,133
102,145
102,176
102,183
102,291
102,322
102,328
102,371
102,379
102,406
102,457
102,461
102,491
103,117
103,158
103,207
103,227
103,230
103,255
103,266
103,270
103,283
103,293
103,336
103,337
103,351
103,358
103,369
103,382
103,389
103,393
103,407
103,417
103,427
103,480
103,497
104,145
104,154
104,184
104,189
104,211
104,228
104,230
104,234
104,235
104,255
104,262
104,268
104,309
104,314
104,380
104,388
104,402
104,406
104,434
104,451
104,489
104,499
105,106
105,133
105,162
105,205
105,237
105,263
105,265
105,328
105,330
105,334
105,338
105,397
105,398
105,400
105,430
105,446
105,455
105,458
105,473
105,487
106,118
106,124
106,158
106,170
106,184
106,211
106,231
106,235
106,244
106,269
106,277
106,296
106,317
106,348
106,352
106,358
106,359
106,361
106,362
106,426
106,428
106,480
107,115
107,145
107,154
107,161
107,169
107,223
107,228
107,259
107,276
107,288
107,300
107,338
107,349
107,385
107,390
107,396
107,399
107,427
107,433
107,462
107,472
107,495
107,496
108,212
108,219
108,227
108,231
108,246
108,295
108,338
108,353
108,355
108,375
108,378
108,379
108,384
108,426
109,110
109,136
109,142
109,235
109,236
109,287
109,314
109,330
109,357
109,385
109,386
109,396
109,415
109,449
109,468
109,481
110,120
110,145
110,148
110,151
110,171
110,180
110,196
110,199
110,223
110,239
110,254
110,284
110,286
110,383
110,386
110,392
110,421
110,441
110,445
111,118
111,125
111,126
111,127
111,134
111,196
111,212
111,214
111,224
111,235
111,270
111,284
111,285
111,291
111,359
111,382
111,398
111,404
111,411
111,432
111,447
111,464
111,477
112,132
112,146
112,148
112,156
112,160
112,165
112,177
112,224
112,249
112,252
112,265
112,267
112,276
112,364
112,385
112,421
112,448
112,477
112,484
113,137
113,163
113,173
113,208
113,210
113,226
113,263
113,281
113,287
113,344
113,345
113,382
113,412
113,416
113,432
113,446
113,448
113,451
113,477
113,489
114,139
114,141
114,153
114,156
114,166
114,169
114,182
114,185
114,256
114,267
114,319
114,330
114,331
114,353
114,366
114,374
114,386
114,395
114,418
114,447
114,451
114,453
114,476
115,117
115,170
115,178
115,195
115,215
115,225
115,255
115,280
115,281
115,290
115,301
115,308
115,321
115,326
115,414
115,441
115,444
115,461
116,119
116,159
116,172
116,193
116,194
116,208
116,217
116,232
116,298
116,321
116,325
116,367
116,387
116,422
116,442
116,453
116,485
117,139
117,159
117,160
117,170
117,204
117,231
117,248
117,296
117,352
117,378
117,472
117,492
118,138
118,185
118,215
118,254
118,266
118,306
118,354
118,379
118,388
118,417
118,443
118,453
118,484
118,492
119,124
119,126
119,127
119,142
119,176
119,191
119,193
119,208
119,215
119,221
119,272
119,298
119,311
119,325
119,349
119,352
119,360
119,362
119,367
119,398
119,413
119,444
119,450
119,478
120,193
120,257
120,295
120,296
120,302
120,306
120,335
120,372
120,383
120,394
120,407
120,431
120,438
120,471
120,478
120,489
121,122
121,134
121,148
121,151
121,152
121,203
121,209
121,213
121,229
121,249
121,264
121,272
121,289
121,292
121,297
121,320
121,322
121,388
121,396
121,404
121,425
121,476
121,478
122,154
122,166
122,167
122,177
122,183
122,216
122,238
122,321
122,329
122,355
122,393
122,405
122,427
122,428
122,454
122,483
123,131
123,173
123,182
123,188
123,223
123,228
123,244
123,247
123,249
123,297
123,312
123,322
123,362
123,365
123,369
123,373
123,375
123,426
123,430
123,448
124,223
124,250
124,283
124,334
124,353
124,355
124,371
124,376
124,384
124,401
124,403
124,405
124,416
124,439
124,446
124,459
124,479
124,494
125,162
125,181
125,205
125,211
125,243
125,251
125,252
125,266
125,278
125,294
125,342
125,357
125,394
125,401
125,409
125,419
125,476
125,485
126,165
126,172
126,191
126,193
126,200
126,233
126,275
126,288
126,289
126,295
126,306
126,320
126,324
126,330
126,332
126,462
126,476
126,495
127,135
127,161
127,197
127,200
127,208
127,213
127,220
127,234
127,248
127,261
127,273
127,277
127,303
127,323
127,343
127,353
127,355
127,363
127,369
127,378
127,389
127,397
127,406
127,418
127,444
127,460
127,461
127,473
127,488
128,133
128,205
128,212
128,213
128,229
128,241
128,252
128,274
128,301
128,302
128,312
128,327
128,337
128,361
128,368
128,369
128,400
128,406
128,414
128,425
129,133
129,165
129,215
129,229
129,244
129,264
129,265
129,268
129,277
129,361
129,382
129,389
129,422
129,437
129,439
129,458
129,464
130,147
130,224
130,306
130,315
130,359
130,360
130,366
130,387
130,398
130,452
130,478
130,483
130,494
131,154
131,175
131,180
131,244
131,267
131,271
131,301
131,306
131,318
131,333
131,352
131,363
131,395
131,441
131,444
131,489
131,492
131,496
132,134
132,196
132,222
132,223
132,246
132,262
132,272
132,273
132,275
132,308
132,312
132,351
132,367
132,369
132,382
132,400
132,405
132,414
132,420
132,441
132,479
132,490
132,495
133,173
133,221
133,224
133,234
133,258
133,303
133,328
133,338
133,361
133,374
133,394
133,433
133,486
133,487
133,498
134,168
134,174
134,175
134,182
134,198
134,209
134,236
134,272
134,286
134,314
134,325
134,337
134,357
134,374
134,377
134,383
134,384
134,387
134,392
134,432
134,442
134,452
134,472
134,481
135,140
135,145
135,169
135,195
135,229
135,240
135,250
135,269
135,283
135,293
135,296
135,305
135,366
135,371
135,404
135,472
136,143
136,165
136,265
136,266
136,302
136,316
136,326
136,334
136,376
136,405
136,447
136,452
136,469
137,145
137,149
137,157
137,191
137,226
137,231
137,261
137,284
137,294
137,313
137,350
137,363
137,385
137,405
137,407
137,425
137,443
137,451
137,463
137,475
137,489
138,147
138,153
138,239
138,240
138,248
138,279
138,281
138,316
138,317
138,319
138,337
138,358
138,365
138,437
138,439
138,498
139,141
139,216
139,237
139,302
139,310
139,365
139,377
139,385
139,406
139,407
139,425
139,427
139,460
140,163
140,172
140,177
140,181
140,202
140,207
140,212
140,278
140,281
140,296
140,315
140,332
140,334
140,342
140,352
140,368
140,426
140,444
140,451
140,466
141,155
141,173
141,182
141,197
141,230
141,257
141,272
141,315
141,323
141,331
141,361
141,391
141,395
141,436
141,438
141,459
141,482
141,497
142,157
142,161
142,173
142,180
142,195
142,222
142,234
142,266
142,300
142,321
142,326
142,349
142,351
142,352
142,358
142,359
142,378
142,406
142,407
142,439
142,449
142,467
142,498
143,152
143,157
143,170
143,184
143,242
143,276
143,277
143,285
143,293
143,306
143,308
143,388
143,416
143,421
143,443
143,446
143,490
143,491
144,147
144,161
144,221
144,255
144,277
144,299
144,335
144,337
144,357
144,359
144,360
144,364
144,372
144,373
144,385
144,403
144,432
144,433
144,449
144,469
145,150
145,173
145,180
145,186
145,187
145,197
145,202
145,238
145,255
145,256
145,260
145,352
145,363
145,364
145,377
145,451
145,467
145,472
146,172
146,178
146,188
146,192
146,228
146,251
146,252
146,272
146,285
146,300
146,344
146,347
146,380
146,402
146,408
146,416
146,439
146,449
146,457
146,479
147,156
147,161
147,189
147,226
147,241
147,256
147,275
147,285
147,342
147,345
147,380
147,382
147,387
147,388
147,389
147,393
147,429
147,481
147,498
148,161
148,170
148,185
148,194
148,202
148,229
148,252
148,271
148,275
148,286
148,290
148,305
148,308
148,325
148,352
148,356
148,364
148,369
148,395
148,403
148,406
148,433
148,435
148,450
148,453
148,454
148,474
148,495
148,497
149,190
149,218
149,223
149,260
149,291
149,330
149,335
149,374
149,393
149,406
149,425
149,440
149,481
149,482
150,187
150,194
150,231
150,266
150,290
150,293
150,301
150,351
150,358
150,361
150,398
150,434
150,465
151,175
151,187
151,237
151,244
151,258
151,267
151,307
151,322
151,324
151,346
151,349
151,356
151,360
151,372
151,445
151,478
152,203
152,211
152,234
152,250
152,281
152,327
152,343
152,363
152,385
152,395
152,398
152,403
152,431
152,437
152,442
152,468
153,174
153,177
153,222
153,225
153,236
153,271
153,280
153,292
153,302
153,307
153,308
153,352
153,379
153,391
153,397
153,400
153,439
153,455
153,474
154,180
154,232
154,235
154,334
154,358
154,363
154,386
154,398
154,482
154,491
155,163
155,175
155,176
155,195
155,199
155,250
155,262
155,277
155,297
155,324
155,340
155,404
155,454
156,163
156,175
156,178
156,210
156,243
156,258
156,273
156,285
156,293
156,370
156,403
156,437
156,439
157,161
157,170
157,191
157,196
157,222
157,256
157,258
157,288
157,342
157,356
157,358
157,361
157,422
157,425
157,428
157,437
157,468
157,482
157,487
158,161
158,181
158,196
158,206
158,256
158,299
158,304
158,313
158,322
158,326
158,344
158,345
158,366
158,372
158,376
158,403
158,413
158,450
158,455
158,463
159,161
159,183
159,207
159,212
159,219
159,240
159,244
159,269
159,283
159,289
159,357
159,359
159,377
159,378
159,389
159,416
159,459
159,464
159,492
159,493
160,163
160,167
160,179
160,189
160,190
160,195
160,233
160,237
160,294
160,306
160,312
160,340
160,371
160,400
160,451
160,464
160,488
161,184
161,185
161,196
161,217
161,234
161,247
161,270
161,271
161,275
161,290
161,295
161,309
161,311
161,391
161,393
161,427
161,432
161,438
161,446
161,477
161,492
161,497
162,186
162,206
162,246
162,247
162,250
162,253
162,256
162,268
162,316
162,335
162,338
162,351
162,360
162,438
162,470
162,483
163,167
163,168
163,257
163,289
163,317
163,374
163,382
163,383
163,389
163,398
163,412
163,413
163,418
163,479
163,493
164,165
164,170
164,193
164,218
164,225
164,320
164,322
164,372
164,396
164,406
164,419
164,429
164,491
165,183
165,184
165,185
165,213
165,217
165,236
165,245
165,255
165,267
165,313
165,317
165,339
165,399
165,403
165,436
165,439
165,443
165,488
165,491
166,168
166,170
166,174
166,180
166,186
166,189
166,193
166,215
166,240
166,252
166,282
166,300
166,313
166,322
166,337
166,347
166,350
166,359
166,361
166,372
166,409
166,434
166,469
167,182
167,207
167,226
167,236
167,237
167,248
167,262
167,274
167,292
167,315
167,333
167,360
167,371
167,378
167,400
167,438
167,445
167,459
167,467
167,480
168,191
168,224
168,255
168,259
168,262
168,314
168,321
168,329
168,333
168,343
168,355
168,386
168,387
168,391
168,392
168,403
168,405
168,439
168,456
168,466
168,495
168,496
169,193
169,202
169,203
169,214
169,233
169,235
169,253
169,256
169,260
169,308
169,316
169,328
169,343
169,386
169,450
169,483
169,488
169,493
170,171
170,193
170,195
170,245
170,251
170,266
170,298
170,300
170,302
170,352
170,353
170,360
170,371
170,396
170,398
170,399
170,404
170,438
171,173
171,181
171,183
171,216
171,239
171,243
171,257
171,266
171,302
171,304
171,305
171,319
171,353
171,355
171,358
171,394
171,404
171,418
171,455
172,211
172,215
172,224
172,231
172,239
172,298
172,313
172,342
172,348
172,363
172,404
172,408
172,433
172,451
172,472
173,174
173,221
173,245
173,270
173,281
173,298
173,343
173,346
173,394
173,429
173,434
173,436
173,467
173,473
173,478
173,486
174,179
174,207
174,233
174,273
174,292
174,382
174,405
174,450
175,183
175,218
175,224
175,241
175,252
175,292
175,293
175,295
175,302
175,309
175,314
175,341
175,359
175,380
175,381
175,395
175,408
175,420
175,482
176,213
176,230
176,249
176,253
176,264
176,279
176,307
176,317
176,350
176,374
176,396
176,400
176,409
176,411
176,466
176,480
176,496
177,208
177,220
177,224
177,231
177,236
177,240
177,294
177,303
177,313
177,436
177,441
177,453
177,460
178,194
178,214
178,221
178,237
178,287
178,293
178,350
178,381
178,411
178,432
178,478
178,480
179,213
179,223
179,248
179,249
179,269
179,319
179,320
179,323
179,334
179,339
179,341
179,346
179,367
179,372
179,412
179,440
179,446
179,474
180,187
180,191
180,204
180,209
180,229
180,234
180,253
180,281
180,289
180,303
180,310
180,321
180,342
180,362
180,374
180,385
180,419
180,423
180,462
180,497
181,187
181,194
181,266
181,309
181,318
181,372
181,377
181,383
181,407
181,417
181,440
181,494
182,217
182,237
182,249
182,261
182,279
182,283
182,306
182,312
182,329
182,340
182,342
182,363
182,380
182,381
182,396
182,409
182,410
182,418
182,460
182,461
182,465
182,467
182,480
182,482
183,189
183,203
183,253
183,274
183,288
183,416
183,424
183,427
183,431
183,477
183,489
184,201
184,203
184,222
184,236
184,257
184,281
184,292
184,386
184,405
184,416
184,418
184,423
184,447
184,478
184,482
185,243
185,280
185,286
185,291
185,305
185,324
185,331
185,340
185,344
185,345
185,384
185,433
185,449
185,470
185,486
186,209
186,239
186,247
186,272
186,340
186,355
186,368
186,401
186,425
186,438
186,444
186,452
186,484
187,204
187,211
187,272
187,327
187,346
187,386
187,391
187,417
187,424
187,434
187,443
187,457
187,473
187,482
188,230
188,244
188,289
188,303
188,328
188,359
188,387
188,413
188,440
188,445
189,191
189,194
189,222
189,249
189,269
189,272
189,317
189,327
189,340
189,344
189,351
189,381
189,397
189,419
189,479
190,199
190,214
190,229
190,254
190,297
190,303
190,320
190,364
190,369
190,374
190,442
190,468
190,490
191,192
191,198
191,228
191,246
191,255
191,277
191,280
191,325
191,328
191,356
191,374
191,388
191,409
191,419
191,421
191,439
191,442
191,461
192,204
192,218
192,256
192,310
192,338
192,346
192,347
192,358
192,362
192,388
192,438
192,450
192,490
193,196
193,218
193,219
193,232
193,260
193,274
193,306
193,321
193,326
193,345
193,359
193,377
193,385
193,386
193,393
193,395
193,397
193,405
193,449
193,451
193,471
193,485
194,197
194,203
194,209
194,230
194,240
194,256
194,259
194,261
194,271
194,297
194,299
194,305
194,346
194,361
194,362
194,387
194,419
194,424
195,283
195,286
195,304
195,307
195,314
195,345
195,355
195,359
195,381
195,389
195,432
195,437
195,450
196,205
196,226
196,237
196,249
196,269
196,272
196,299
196,311
196,335
196,340
196,342
196,346
196,348
196,400
196,403
196,404
196,407
196,436
196,463
196,473
196,476
196,478
196,484
196,491
196,497
197,203
197,208
197,223
197,235
197,260
197,281
197,329
197,343
197,344
197,382
197,384
197,416
197,421
197,458
197,460
197,472
197,479
197,496
198,298
198,299
198,311
198,324
198,366
198,394
198,407
198,431
198,436
198,445
199,269
199,311
199,339
199,366
199,379
199,396
199,402
199,403
199,427
199,433
200,207
200,243
200,258
200,265
200,276
200,277
200,279
200,280
200,295
200,346
200,352
200,355
200,368
200,372
200,400
200,411
200,421
200,443
200,455
200,470
201,239
201,272
201,324
201,372
201,374
201,376
201,386
201,403
201,419
201,429
201,488
201,498
202,225
202,227
202,265
202,272
202,316
202,342
202,381
202,385
202,396
202,445
202,483
202,487
203,222
203,227
203,260
203,278
203,296
203,304
203,350
203,365
203,390
203,402
203,406
203,409
203,437
204,205
204,235
204,262
204,278
204,281
204,287
204,290
204,301
204,303
204,353
204,372
204,385
204,400
204,438
205,214
205,263
205,271
205,276
205,338
205,368
205,370
205,389
205,413
205,446
205,487
206,208
206,210
206,241
206,298
206,303
206,306
206,323
206,369
206,375
206,390
206,402
206,420
206,484
207,211
207,331
207,346
207,352
207,356
207,450
207,457
207,466
207,475
208,213
208,214
208,217
208,225
208,272
208,273
208,284
208,314
208,323
208,328
208,329
208,338
208,365
208,390
208,411
208,448
208,478
208,481
208,497
209,228
209,238
209,248
209,265
209,275
209,285
209,315
209,319
209,329
209,369
209,396
209,429
209,454
209,464
209,474
210,219
210,226
210,252
210,306
210,330
210,353
210,371
210,390
210,405
210,474
211,266
211,276
211,280
211,294
211,349
211,368
211,417
211,418
211,428
212,217
212,226
212,264
212,270
212,320
212,375
212,378
212,405
212,480
212,492
212,499
213,214
213,259
213,289
213,314
213,326
213,332
213,342
213,346
213,355
213,358
213,375
213,391
213,400
213,404
213,445
213,469
213,482
213,489
213,499
214,219
214,235
214,254
214,257
214,283
214,300
214,308
214,312
214,380
214,381
214,393
214,406
214,460
214,462
214,476
214,481
214,493
215,219
215,234
215,247
215,270
215,317
215,327
215,342
215,354
215,367
215,385
215,397
215,406
215,458
215,476
215,484
215,495
216,267
216,277
216,288
216,291
216,292
216,300
216,342
216,355
216,377
216,381
216,397
216,412
216,466
217,219
217,228
217,235
217,250
217,264
217,271
217,276
217,283
217,304
217,315
217,331
217,361
217,364
217,366
217,371
217,379
217,383
217,403
217,452
217,469
217,492
218,219
218,224
218,252
218,261
218,275
218,324
218,330
218,347
218,350
218,362
218,365
218,388
218,395
218,427
218,451
218,463
218,464
218,480
218,487
218,490
219,231
219,237
219,264
219,282
219,304
219,323
219,336
219,338
219,360
219,389
219,487
219,496
220,243
220,247
220,291
220,299
220,348
220,370
220,389
220,417
220,432
220,454
220,476
220,483
221,237
221,260
221,269
221,273
221,281
221,357
221,364
221,389
221,393
221,490
222,246
222,268
222,298
222,306
222,332
222,370
222,384
222,388
222,413
222,421
222,436
222,437
222,438
222,442
222,461
222,469
222,495
223,242
223,263
223,282
223,305
223,321
223,326
223,415
223,416
223,418
223,419
223,462
223,464
223,469
224,250
224,262
224,344
224,356
224,358
224,389
224,399
224,404
224,412
224,427
224,431
224,435
225,230
225,239
225,265
225,311
225,321
225,325
225,352
225,368
225,383
225,385
225,390
225,417
225,427
225,433
225,434
225,457
225,476
225,484
225,485
225,494
226,239
226,240
226,274
226,276
226,299
226,302
226,313
226,323
226,342
226,346
226,364
226,382
226,398
226,455
226,481
227,232
227,252
227,258
227,265
227,296
227,377
227,393
227,435
227,453
227,455
227,481
227,491
228,257
228,345
228,389
228,397
228,405
228,410
228,433
228,460
228,477
228,479
228,485
228,493
229,230
229,242
229,253
229,256
229,282
229,329
229,332
229,372
229,412
229,471
230,237
230,243
230,281
230,295
230,327
230,337
230,349
230,350
230,385
230,456
230,460
230,472
230,490
231,243
231,291
231,296
231,336
231,371
231,373
231,381
231,383
231,389
231,391
231,440
231,476
231,490
232,256
232,276
232,277
232,278
232,345
232,367
232,380
232,389
232,405
232,422
232,428
232,453
232,466
232,473
233,332
233,354
233,390
233,392
233,415
233,441
233,448
233,476
234,244
234,299
234,314
234,369
234,393
234,411
234,424
234,463
234,499
235,306
235,309
235,319
235,344
235,360
235,368
235,371
235,378
235,424
235,487
235,488
236,241
236,259
236,266
236,282
236,292
236,348
236,357
236,358
236,378
236,428
236,473
237,242
237,246
237,270
237,312
237,350
237,353
237,406
237,447
237,457
237,462
237,478
238,256
238,266
238,276
238,290
238,298
238,299
238,304
238,317
238,325
238,326
238,374
238,440
238,447
238,449
238,453
238,477
238,497
239,252
239,261
239,280
239,284
239,285
239,295
239,300
239,360
239,380
239,389
239,392
239,431
239,445
239,479
239,482
239,492
240,279
240,295
240,365
240,463
240,475
241,305
241,317
241,320
241,329
241,340
241,352
241,354
241,365
241,432
241,450
241,466
242,264
242,285
242,317
242,322
242,379
242,413
242,456
243,252
243,311
243,315
243,325
243,373
243,399
243,401
243,419
243,444
243,467
244,249
244,253
244,270
244,283
244,301
244,307
244,334
244,337
244,400
244,403
244,422
244,423
244,437
244,451
245,289
245,300
245,304
245,336
245,366
245,386
245,413
245,417
245,454
245,459
246,256
246,302
246,307
246,368
246,393
246,398
246,422
246,438
246,466
246,482
246,489
246,493
247,318
247,321
247,341
247,349
247,385
247,404
247,430
247,467
247,472
247,479
247,485
248,249
248,255
248,279
248,303
248,321
248,356
248,395
248,406
248,467
248,479
248,490
248,495
249,272
249,281
249,282
249,291
249,306
249,338
249,339
249,368
249,377
249,386
249,390
249,434
249,438
249,464
249,494
250,255
250,287
250,304
250,321
250,347
250,358
250,393
250,408
250,423
250,428
250,458
250,467
250,497
251,254
251,268
251,298
251,309
251,355
251,380
251,384
251,391
251,395
251,396
251,447
251,463
251,491
251,495
252,272
252,286
252,313
252,325
252,341
252,384
252,394
252,444
252,466
252,483
252,496
253,270
253,335
253,338
253,360
253,378
253,405
253,414
253,415
253,457
253,499
254,278
254,280
254,305
254,323
254,324
254,337
254,345
254,365
254,408
254,424
254,456
254,472
254,475
254,489
254,498
255,258
255,271
255,276
255,292
255,303
255,311
255,318
255,321
255,326
255,344
255,346
255,384
255,407
255,409
255,448
255,473
256,262
256,263
256,269
256,307
256,310
256,334
256,366
256,393
256,411
256,416
256,450
256,454
256,499
257,268
257,274
257,283
257,291
257,324
257,331
257,357
257,465
257,466
258,295
258,297
258,321
258,339
258,352
258,353
258,360
258,370
258,426
258,432
258,449
258,453
258,470
258,492
258,497
259,264
259,309
259,313
259,325
259,329
259,356
259,372
259,382
259,461
259,476
259,486
260,343
260,353
260,362
260,408
260,410
260,422
260,424
260,426
260,452
260,453
261,312
261,331
261,333
261,334
261,352
261,354
261,402
261,493
261,498
262,277
262,283
262,319
262,334
262,374
262,387
262,408
262,447
262,461
263,282
263,288
263,301
263,303
263,347
263,366
263,477
264,317
264,333
264,334
264,355
264,367
264,380
264,383
264,396
264,421
264,492
264,498
265,270
265,331
265,336
265,341
265,377
265,483
265,487
265,490
265,492
266,271
266,335
266,349
266,371
266,388
266,414
266,421
266,434
266,497
267,276
267,284
267,294
267,337
267,347
267,359
267,383
267,400
267,405
267,407
267,412
267,429
267,460
267,470
267,477
268,271
268,283
268,299
268,333
268,360
268,378
268,381
268,386
268,397
268,424
268,440
268,462
268,497
269,271
269,273
269,277
269,284
269,305
269,321
269,347
269,350
269,360
269,368
269,394
269,396
269,452
269,463
269,496
270,279
270,303
270,316
270,329
270,334
270,342
270,343
270,348
270,376
270,381
270,391
270,405
270,433
270,444
270,490
271,311
271,320
271,343
271,397
271,405
271,417
271,424
271,425
271,439
271,444
271,453
271,466
271,486
272,280
272,284
272,295
272,296
272,307
272,355
272,391
272,395
272,428
272,439
272,443
272,450
272,481
273,288
273,304
273,311
273,315
273,346
273,358
273,363
273,368
273,377
273,413
273,422
273,423
273,445
273,491
273,495
274,299
274,352
274,387
274,428
274,442
275,283
275,296
275,359
275,391
275,405
275,476
275,496
276,285
276,328
276,338
276,357
276,383
276,388
276,402
276,413
276,469
277,312
277,325
277,368
277,449
277,464
278,311
278,369
278,433
278,463
278,475
278,489
278,499
279,301
279,372
279,408
279,412
279,435
279,475
279,485
279,488
280,288
280,318
280,331
280,343
280,354
280,373
280,391
280,392
280,399
280,422
280,429
280,442
280,453
280,495
281,337
281,342
281,353
281,381
281,391
281,418
281,449
281,455
281,460
281,467
281,496
282,293
282,312
282,342
282,344
282,346
282,383
282,387
282,388
282,419
282,421
282,429
282,438
282,446
282,480
283,301
283,327
283,337
283,346
283,354
283,356
283,401
283,436
283,463
283,466
283,467
283,486
283,499
284,291
284,336
284,339
284,342
284,361
284,375
284,397
284,403
284,459
284,467
285,330
285,342
285,367
285,380
285,441
285,459
285,461
285,480
286,293
286,324
286,399
286,421
286,425
286,442
286,463
286,473
286,477
286,487
287,291
287,322
287,336
287,337
287,372
287,385
287,394
287,431
287,477
288,289
288,306
288,336
288,350
288,354
288,355
288,376
288,397
288,416
288,418
288,476
288,478
288,484
288,491
288,498
289,303
289,307
289,323
289,333
289,348
289,354
289,359
289,374
289,411
289,424
289,456
289,461
289,469
289,494
289,499
290,295
290,307
290,335
290,369
290,370
290,374
290,393
290,400
290,409
290,435
290,444
291,296
291,348
291,366
291,410
291,424
291,426
291,441
291,463
292,295
292,338
292,355
292,358
292,363
292,370
292,380
292,413
292,436
292,461
292,486
292,498
293,319
293,326
293,339
293,362
293,363
293,397
293,427
293,451
293,464
293,492
294,298
294,354
294,362
294,366
294,387
294,422
294,460
294,485
295,307
295,341
295,354
295,368
295,411
295,422
295,434
295,446
295,490
295,497
296,314
296,344
296,365
296,397
296,405
296,416
296,418
296,419
296,443
296,450
296,468
297,314
297,338
297,342
297,367
297,378
297,384
297,440
297,463
297,471
297,480
298,343
298,378
298,410
298,417
298,418
298,420
298,423
298,498
299,300
299,308
299,317
299,325
299,329
299,334
299,352
299,365
299,380
299,384
299,399
299,427
299,428
300,308
300,315
300,319
300,332
300,347
300,414
300,489
300,494
301,349
301,365
301,377
301,415
301,421
301,429
301,430
301,438
301,440
301,473
301,474
302,334
302,344
302,354
302,357
302,363
302,405
302,420
302,442
302,455
303,339
303,372
303,408
303,447
303,458
303,485
303,496
304,321
304,322
304,325
304,359
304,367
304,368
304,393
304,411
304,425
304,438
305,318
305,320
305,335
305,340
305,363
305,380
305,408
305,413
305,432
305,443
305,448
305,452
305,476
305,482
305,496
306,308
306,322
306,331
306,344
306,353
306,356
306,411
306,442
306,457
306,462
306,468
306,475
306,487
307,329
307,342
307,350
307,356
307,374
307,390
307,397
307,404
307,418
307,487
308,318
308,365
308,382
308,385
308,454
308,490
309,357
309,386
309,387
309,390
309,391
309,396
309,417
309,434
309,450
309,468
310,319
310,428
310,439
310,443
310,482
310,486
311,322
311,327
311,341
311,342
311,343
311,371
311,427
311,433
311,438
311,444
311,468
311,470
311,475
311,485
312,337
312,364
312,377
312,418
312,441
312,444
312,455
312,474
313,335
313,337
313,342
313,355
313,369
313,382
313,404
313,417
313,472
313,475
313,476
314,354
314,381
314,400
314,414
314,418
314,435
314,476
314,487
315,328
315,334
315,367
315,371
315,403
315,413
315,455
315,473
315,490
315,495
316,339
316,340
316,341
316,363
316,364
316,374
316,450
316,497
317,337
317,373
317,392
317,404
317,407
317,487
317,497
318,345
318,353
318,408
318,429
318,435
318,444
318,462
318,470
318,488
319,326
319,417
319,419
319,468
319,480
320,329
320,351
320,356
320,364
320,377
320,406
320,448
320,463
321,322
321,340
321,368
321,379
321,423
321,471
321,481
322,349
322,356
322,408
322,410
322,417
322,436
322,472
323,352
323,388
323,398
323,438
323,453
323,467
323,480
323,487
323,492
324,328
324,372
324,436
324,439
325,350
325,373
325,391
325,409
325,436
325,442
325,447
325,450
325,458
325,483
325,495
326,357
326,380
326,397
326,413
326,445
326,463
326,466
327,370
327,372
327,374
327,400
327,402
327,428
327,451
327,463
328,377
328,397
328,437
328,444
328,445
328,448
328,469
329,332
329,352
329,361
329,403
329,408
329,409
329,438
329,486
329,490
330,332
330,334
330,346
330,378
330,384
330,418
330,428
330,497
330,499
331,339
331,347
331,363
331,364
331,365
331,378
331,395
331,409
331,410
331,422
331,480
331,498
332,336
332,340
332,369
332,379
332,445
333,345
333,350
333,375
333,377
333,379
333,381
333,398
333,401
333,402
333,411
333,413
333,420
333,444
333,451
333,452
333,461
333,481
334,412
334,431
334,468
335,365
335,372
335,380
335,384
335,442
335,471
335,475
335,490
336,423
336,467
336,474
336,487
336,495
337,339
337,361
337,374
337,381
337,388
337,391
337,398
337,406
337,431
337,432
337,438
337,462
337,482
337,485
337,493
338,342
338,351
338,375
338,380
338,396
338,411
338,418
338,419
338,427
338,470
338,477
339,343
339,359
339,368
339,377
339,391
339,408
339,411
339,437
339,455
339,465
339,474
339,492
339,494
340,350
340,352
340,389
340,397
340,399
340,479
341,432
341,486
341,490
342,356
342,369
342,433
342,457
342,458
343,365
343,390
343,428
343,434
343,445
343,464
343,481
343,489
343,499
344,351
344,369
344,403
344,406
344,421
344,441
344,483
344,497
345,405
345,439
345,493
346,351
346,378
346,379
346,384
346,406
346,418
346,444
346,456
346,459
346,482
347,348
347,364
347,385
347,391
347,416
347,435
347,443
347,492
347,493
347,498
348,357
348,374
348,417
348,443
348,491
349,350
349,368
349,385
349,420
349,440
349,453
349,463
349,476
349,490
349,491
350,393
350,398
350,426
350,458
350,464
350,474
350,488
350,494
351,363
351,364
351,367
351,426
351,441
351,442
351,447
351,450
351,492
351,494
351,495
352,360
352,366
352,371
352,397
352,399
352,402
352,407
352,411
352,431
352,435
352,455
352,470
352,497
353,357
353,373
353,381
353,442
353,459
353,466
353,467
353,487
353,490
353,495
353,496
354,373
354,464
354,470
354,472
354,488
355,359
355,381
355,384
355,392
355,399
355,417
355,457
355,481
355,485
356,380
356,412
356,415
356,425
356,438
356,453
356,470
356,476
356,480
357,385
357,419
357,422
357,450
357,496
358,367
358,394
358,400
358,431
358,459
358,462
358,488
359,393
359,412
359,429
359,459
359,466
359,470
359,474
359,481
359,483
359,494
359,498
360,361
360,371
360,374
360,385
360,395
360,400
360,414
360,418
360,441
360,463
361,389
361,419
361,486
362,415
362,420
362,478
362,481
362,486
363,370
363,415
363,433
363,449
363,456
363,458
364,426
364,433
364,446
365,383
365,387
365,388
365,432
365,470
366,440
366,482
367,374
367,380
367,388
367,416
367,425
367,442
367,449
367,468
367,488
368,378
368,397
368,441
369,397
369,405
369,426
369,459
369,476
370,393
370,417
370,459
370,463
370,469
370,494
371,396
371,438
371,457
371,480
372,380
372,421
373,384
373,403
373,444
373,448
373,473
373,482
373,490
373,496
374,393
374,398
374,448
374,498
375,376
375,378
375,401
375,425
375,445
376,404
376,407
376,417
376,429
376,434
376,440
376,443
376,451
376,462
376,465
377,379
377,383
377,446
377,463
377,487
377,498
378,386
378,425
378,438
378,446
378,456
378,465
378,473
379,385
379,435
379,438
379,483
380,401
380,403
380,429
380,438
380,448
380,474
381,402
381,435
381,442
381,443
381,454
381,475
382,391
382,416
382,450
382,462
382,467
382,475
382,486
383,387
383,403
383,428
383,452
383,456
383,468
383,473
383,475
383,477
384,416
384,440
384,441
384,448
384,451
384,488
385,396
385,425
385,453
385,455
385,465
386,389
386,419
386,435
386,485
387,394
387,399
387,409
387,415
387,420
387,429
387,442
387,452
387,460
387,492
387,499
388,391
388,401
388,452
388,453
388,478
388,496
389,413
389,421
389,460
389,466
389,469
389,493
390,411
390,475
390,492
391,400
391,414
391,441
391,442
391,482
391,484
392,405
392,415
392,441
392,465
392,484
393,420
393,457
394,406
394,413
394,420
394,433
394,438
394,445
394,471
394,475
394,477
395,411
395,421
395,426
395,442
395,477
396,432
396,441
396,448
396,453
396,468
396,478
397,404
397,410
397,423
397,474
398,412
398,413
398,418
398,420
398,455
398,460
399,412
399,418
399,433
399,450
399,455
399,457
399,458
399,465
399,476
399,477
399,482
400,412
400,414
400,430
401,491
402,409
402,426
402,451
402,457
402,471
402,479
403,424
403,473
404,408
404,452
404,453
404,465
404,466
404,472
404,483
404,494
404,499
405,423
405,441
405,460
405,461
406,448
406,464
406,467
406,476
407,493
408,426
408,439
408,472
408,484
409,433
409,470
409,498
410,413
410,427
410,433
410,463
410,483
410,497
411,426
411,443
411,458
411,469
412,417
412,421
412,425
412,431
412,447
412,459
412,462
412,471
412,478
413,423
414,455
414,466
414,469
414,478
415,451
415,460
415,466
416,439
416,440
416,443
416,449
416,457
416,467
416,468
417,450
417,467
417,475
417,495
417,499
418,423
418,427
418,446
418,475
418,476
418,499
419,441
419,448
419,449
419,455
419,492
419,496
420,441
420,466
421,422
421,434
421,448
421,461
421,477
421,486
421,497
422,432
422,469
422,474
423,432
423,445
423,469
424,425
424,441
425,434
425,441
425,454
425,462
425,489
425,496
426,440
426,492
426,495
427,434
427,437
427,439
427,483
428,450
428,453
428,460
428,468
428,484
429,496
430,485
430,490
431,477
432,439
432,442
432,460
432,465
433,439
433,441
434,444
434,451
434,470
434,487
435,493
436,448
436,450
436,485
437,440
437,466
438,452
438,455
439,447
439,454
439,462
439,465
440,479
441,447
441,458
441,462
441,465
441,471
441,478
441,480
441,495
442,454
442,458
442,472
442,492
443,472
443,476
444,460
444,489
445,462
445,471
445,478
446,450
446,474
446,481
446,487
446,493
447,455
447,456
447,462
448,475
448,480
449,484
450,472
450,490
451,486
452,496
453,467
453,469
454,465
454,482
454,494
456,492
456,494
457,460
457,462
457,472
457,484
458,464
458,472
458,477
458,497
459,498
460,463
462,473
462,474
462,480
463,470
463,482
463,492
464,493
465,466
465,471
466,474
466,484
467,481
468,474
468,479
468,492
469,476
470,481
470,483
471,480
473,476
473,477
473,494
473,498
475,479
475,491
476,479
476,493
477,482
478,483
482,485
483,485
483,486
483,496
483,499
487,498
490,491